0
0
0
0
1
1
1
1
1
2
3
3
3
3
3
3
4
3
4
5
5
5
5
5
6
6
6
7
7
7
7
7
7
8
9
9
9
10
10
10
10
10
11
12
11
12
12
12
12
12
13
13
13
13
14
14
14
15
15
15
16
16
17
17
17
17
17
17
21
33
19
19
19
20
20
20
20
21
21
22
22
22
22
22
23
23
23
23
24
24
24
24
25
25
25
25
26
26
27
27
27
27
28
28
28
28
29
29
29
29
29
31
31
31
31
31
32
33
32
32
32
33
33
34
34
34
34
35
35
36
36
36
36
36
37
38
37
37
38
38
39
39
39
39
40
40
40
40
41
41
41
41
42
42
42
42
42
43
44
44
44
45
44
45
46
46
46
46
47
46
47
48
48
48
48
48
50
48
49
50
50
50
50
50
51
51
51
51
52
53
53
54
53
54
54
55
55
55
54
55
56
55
56
57
57
57
57
58
58
60
58
58
58
59
60
60
60
61
60
61
61
62
62
62
62
63
63
63
63
63
64
64
64
64
65
66
66
66
66
66
66
67
67
67
68
69
69
69
69
70
70
70
69
70
71
72
71
72
72
72
73
73
73
74
74
74
75
75
75
75
75
93
109
94
93
95
77
78
78
78
78
79
79
79
79
81
80
81
80
81
82
81
82
83
82
83
83
83
83
83
84
84
84
84
85
86
86
86
85
86
86
87
86
87
88
88
88
88
89
90
90
90
91
91
91
90
91
91
92
92
92
92
93
94
94
94
95
95
96
95
96
96
96
96
97
97
97
98
98
97
98
99
99
99
99
100
100
100
100
101
101
102
102
102
102
102
103
104
103
104
104
105
105
105
105
106
105
106
107
107
107
107
107
108
108
108
108
109
109
109
110
109
111
111
110
110
111
111
111
111
112
112
113
114
114
114
115
115
115
120
121
122
125
118
116
116
116
117
117
117
116
119
120
118
119
119
119
119
120
121
121
121
121
121
122
122
123
125
123
123
124
124
124
124
126
125
125
125
126
126
127
127
128
127
127
128
129
129
130
130
129
130
130
129
131
130
131
131
131
131
132
133
133
132
133
134
135
134
135
135
136
136
135
135
136
136
136
138
137
137
138
138
138
140
140
139
139
141
140
140
141
142
140
142
142
143
143
142
144
143
144
144
145
144
145
145
145
146
148
146
146
147
147
148
148
148
148
148
148
149
149
150
151
150
150
159
151
151
151
152
152
153
153
153
154
154
154
155
154
155
156
156
155
156
157
156
156
157
157
158
158
157
159
159
159
158
160
159
160
160
161
161
161
162
162
162
163
163
163
163
164
164
164
165
165
165
165
165
166
166
167
167
168
167
167
168
168
167
168
168
169
170
170
170
176
174
172
171
171
172
172
172
173
173
173
173
174
174
174
176
175
175
177
175
176
176
181
177
176
177
177
178
178
179
179
179
180
180
181
181
180
181
181
181
182
181
182
182
182
183
184
186
237
217
184
184
187
186
186
185
187
187
188
186
187
188
189
188
188
189
188
189
189
190
192
192
191
191
192
191
192
193
193
193
196
197
195
198
281
206
195
197
198
199
198
197
196
197
197
197
197
199
198
198
202
237
310
416
203
200
201
200
201
201
201
201
202
202
202
203
204
204
204
204
204
205
264
241
221
515
244
206
209
233
238
216
232
222
296
372
369
228
356
219
222
245
314
242
251
211
211
211
213
212
214
214
214
213
213
214
215
215
216
215
215
216
216
216
217
216
218
218
220
218
220
219
218
220
220
219
220
220
221
221
221
223
222
221
222
223
224
223
224
224
225
224
224
225
225
225
226
227
225
227
227
228
228
228
229
229
228
230
230
230
230
230
231
231
231
231
233
232
232
232
234
233
233
234
233
235
235
235
235
238
237
236
236
237
236
238
238
238
238
239
238
238
240
239
241
240
241
241
241
241
240
241
242
243
242
243
245
244
244
244
245
245
244
245
245
246
246
246
247
246
247
247
247
248
249
249
249
249
249
251
250
251
250
251
251
252
252
251
252
265
253
253
253
253
253
255
254
256
254
255
256
256
256
256
256
257
257
258
257
258
259
259
259
260
260
258
260
261
260
261
261
261
261
262
262
262
264
264
263
263
264
265
264
264
266
265
267
267
267
267
266
267
268
266
272
271
269
281
280
279
271
270
290
271
274
272
273
314
321
288
280
276
285
293
289
285
286
286
285
287
287
287
293
296
288
295
298
295
288
289
286
281
292
328
346
306
280
282
281
281
281
282
282
281
283
283
