0
0
0
0
2
1
1
1
1
2
3
2
2
4
4
4
4
4
5
5
8
5
8
10
7
7
7
7
8
9
8
8
9
9
10
10
9
10
10
10
10
10
11
10
13
13
13
13
14
15
14
15
17
17
18
16
16
15
16
17
26
19
23
19
20
21
21
22
21
20
19
19
20
20
20
20
20
21
20
21
21
21
21
23
22
22
23
23
24
24
24
24
25
25
25
26
25
26
26
27
27
26
27
28
29
29
29
29
30
29
30
30
31
33
31
31
32
32
32
32
33
33
33
33
33
33
34
34
35
35
35
35
35
36
36
36
37
37
37
38
39
39
38
39
39
40
39
40
41
41
41
41
41
42
42
42
43
43
43
43
43
44
44
44
45
45
46
45
46
46
45
47
47
47
47
47
48
49
49
49
50
50
49
51
50
51
52
51
52
52
52
52
52
52
53
53
53
54
54
55
55
55
55
56
56
56
56
57
57
58
60
58
59
59
59
59
59
60
59
60
61
61
61
61
62
61
62
63
63
63
63
64
64
64
64
64
65
64
65
65
66
66
76
88
85
84
170
74
86
159
161
72
71
103
71
71
70
86
73
75
72
72
74
72
83
74
73
74
74
74
75
75
75
75
76
75
76
77
77
77
78
78
78
78
78
80
80
80
80
89
83
81
82
98
82
88
82
84
83
82
83
83
83
84
84
84
86
85
85
86
86
86
91
87
87
87
88
89
95
88
90
89
89
89
100
90
90
98
92
91
96
102
93
93
93
93
93
94
93
94
94
98
95
96
96
96
96
104
98
97
97
98
98
97
99
99
99
100
99
99
100
100
100
101
101
101
102
102
102
102
102
103
103
106
104
106
105
104
106
105
105
106
105
117
107
107
107
125
108
113
108
122
115
119
109
110
111
114
113
114
113
112
111
115
113
112
113
114
204
121
139
145
170
123
119
115
117
121
124
119
122
125
121
153
118
320
174
146
169
150
156
150
165
149
154
135
150
141
366
187
142
181
182
164
450
126
126
138
126
127
132
132
164
166
135
209
202
210
134
129
130
129
147
132
137
137
133
130
130
132
132
132
132
132
132
135
293
224
134
195
160
170
145
254
186
135
137
136
142
136
137
139
137
139
138
139
139
139
139
139
139
139
140
141
141
141
142
142
142
142
143
143
144
143
144
143
144
146
146
145
146
147
146
208
146
177
156
149
149
245
165
206
196
171
185
152
150
150
152
151
154
152
153
154
155
153
154
154
155
154
155
157
155
156
155
155
157
156
156
158
157
159
159
157
159
159
158
160
160
159
162
161
160
160
160
161
162
162
164
165
162
164
165
163
165
165
164
164
165
165
165
166
166
167
170
166
166
171
168
168
169
168
169
171
169
168
171
169
171
175
172
171
173
172
173
172
175
172
173
175
175
174
175
176
175
176
177
177
177
176
178
177
178
181
179
178
179
181
179
180
181
183
180
180
183
182
182
183
185
184
183
183
184
184
184
184
185
184
184
185
188
185
186
186
190
186
186
187
190
190
188
188
190
191
189
189
189
192
190
191
192
194
193
191
192
194
194
193
194
193
198
196
195
195
194
196
198
196
196
206
239
211
197
197
200
198
198
200
198
198
199
199
199
201
200
201
201
200
202
200
202
202
202
202
204
203
204
205
205
204
204
206
205
206
206
206
206
207
207
210
209
214
215
214
208
209
209
210
210
211
211
211
212
212
212
212
213
212
212
214
213
213
215
214
213
214
213
214
215
217
216
217
217
218
216
218
218
218
218
218
219
219
220
219
220
220
220
221
224
222
222
221
222
224
223
223
223
223
224
225
224
225
225
226
225
225
227
226
227
229
235
228
228
228
229
229
230
229
230
230
230
231
231
231
231
231
231
232
233
234
233
233
234
239
233
234
235
235
235
236
235
235
236
236
237
237
238
238
238
239
240
239
239
240
240
239
241
241
241
242
242
242
243
243
243
244
244
243
246
244
244
245
246
245
245
245
246
247
247
248
249
248
253
266
264
268
253
251
253
252
252
253
253
251
250
253
251
251
252
253
253
253
254
254
254
254
254
258
305
257
333
257
255
258
257
257
258
257
257
257
260
257
259
261
260
260
262
261
261
265
261
262
261
263
263
263
265
263
268
263
266
264
265
266
266
266
266
266
267
267
345
289
268
267
268
268
269
269
269
270
269
270
270
271
272
272
272
271
272
272
272
272
273
641
290
278
276
276
274
275
276
276
276
277
277
277
279
276
279
278
278
280
279
280
278
280
280
281
281
281
