0
0
1
1
1
1
1
2
2
2
2
2
3
3
3
3
4
4
4
5
5
5
5
6
7
7
6
7
7
7
8
8
8
9
11
33
63
20
30
153
23
23
18
13
14
17
18
17
16
15
15
15
14
14
14
14
15
15
15
16
16
18
19
18
18
18
17
18
17
18
18
24
19
19
20
20
21
20
20
23
23
22
22
22
22
23
23
23
23
24
24
24
25
25
25
26
26
26
26
26
28
27
27
27
27
28
28
29
28
32
37
34
30
31
31
79
99
56
60
39
40
63
33
35
35
36
35
35
34
35
35
36
36
36
38
37
37
37
39
39
40
39
41
68
46
129
99
77
39
74
74
49
40
43
41
41
42
44
43
43
62
44
44
46
45
45
45
48
52
46
47
46
47
46
67
52
48
48
52
61
51
50
50
67
51
50
54
50
62
52
52
53
53
68
54
71
53
54
54
67
54
57
69
69
72
56
57
56
57
69
57
58
58
59
74
60
59
60
78
60
61
60
61
62
61
62
62
62
63
145
62
113
179
114
75
69
67
66
84
93
77
76
205
81
73
71
70
78
82
68
69
69
71
70
70
70
73
71
70
72
73
72
72
72
72
73
74
75
75
74
75
77
75
76
76
77
76
76
77
78
77
77
79
78
79
79
80
79
80
81
80
81
81
81
80
81
84
83
83
83
83
84
84
85
84
85
86
85
85
86
86
85
86
88
88
88
89
89
89
90
89
89
90
90
90
96
91
90
91
92
92
93
92
92
94
93
93
94
94
94
94
95
95
96
95
96
97
96
96
98
97
97
99
97
99
99
98
99
100
100
101
101
101
103
100
102
103
102
102
102
103
104
104
104
105
105
105
105
105
106
106
108
106
106
110
107
106
110
108
111
108
109
111
109
110
110
111
112
111
112
111
113
114
113
113
113
113
114
114
114
114
126
116
128
234
120
125
127
210
119
126
118
118
131
122
122
131
123
122
119
148
120
121
121
123
130
130
267
123
143
146
126
138
139
124
168
124
131
125
130
160
140
127
126
140
151
139
138
145
128
138
128
131
150
131
143
131
188
130
131
133
133
141
131
136
132
134
133
134
133
137
135
139
135
159
141
186
143
201
135
137
137
140
137
137
137
138
139
139
139
139
154
155
160
151
162
165
162
158
170
464
257
284
244
151
180
155
164
201
179
310
187
150
147
148
149
191
153
184
149
160
159
171
194
166
157
212
173
166
159
176
155
159
186
156
175
191
190
172
217
154
157
158
156
169
182
170
189
164
157
157
158
160
158
157
158
158
158
159
159
162
160
161
161
171
168
161
163
162
161
163
162
165
164
164
165
163
165
166
164
166
167
166
167
166
167
167
167
168
168
169
168
168
169
176
169
170
172
171
170
171
171
171
172
172
172
172
173
174
174
174
175
174
175
175
175
175
176
176
177
178
178
176
178
178
178
178
178
179
180
180
180
180
181
182
181
181
182
181
183
182
182
184
183
183
183
184
184
185
185
186
185
186
186
186
186
187
187
187
187
188
188
190
189
189
189
190
190
191
190
190
192
192
192
192
192
192
192
195
192
194
193
194
194
194
195
194
194
196
197
195
196
196
197
197
197
197
199
198
198
198
199
200
200
201
201
200
202
202
201
202
202
202
203
203
204
203
203
205
205
204
205
205
206
206
206
207
207
207
208
208
207
209
208
208
209
211
209
211
212
210
211
213
212
212
212
212
214
213
214
239
213
213
214
214
214
215
215
215
215
218
216
217
217
217
218
218
218
218
219
220
219
220
220
221
220
222
221
221
221
222
224
223
223
224
223
224
225
224
224
225
226
224
225
226
225
226
227
226
227
227
227
228
229
229
229
229
230
230
232
230
231
231
231
230
232
232
232
232
232
233
234
234
235
236
234
236
235
235
237
238
238
237
237
238
236
238
240
238
239
238
239
240
246
241
241
240
241
271
242
242
248
242
242
243
243
244
243
244
244
245
245
245
247
245
246
246
247
246
247
247
248
248
248
248
249
249
249
249
249
250
251
251
251
251
251
252
252
252
253
252
253
253
254
254
255
254
254
256
256
256
257
257
261
257
257
257
258
257
258
259
259
260
259
260
260
261
261
260
261
261
262
262
263
262
263
263
264
263
266
264
266
265
265
265
267
265
330
294
644
390
320
479
375
359
490
303
269
269
315
279
269
270
272
271
272
273
272
271
273
272
273
273
274
274
274
274
276
275
274
276
275
276
277
277
277
277
277
277
278
278
278
278
280
279
280
280
280
280
282
