1000 0
2000 0
3000 0
4000 0
5000 0
6000 1
7000 1
8000 1
9000 1
10000 1
11000 1
12000 2
13000 2
14000 2
15000 2
16000 2
17000 3
18000 3
19000 3
20000 3
21000 4
22000 3
23000 4
24000 4
25000 4
26000 4
27000 5
28000 5
29000 5
30000 5
31000 6
32000 6
33000 5
34000 6
35000 6
36000 6
37000 7
38000 7
39000 7
40000 7
41000 8
42000 8
43000 7
44000 8
45000 8
46000 8
47000 8
48000 8
49000 9
50000 10
51000 10
52000 10
53000 10
54000 10
55000 10
56000 10
57000 11
58000 11
59000 11
60000 11
61000 11
62000 12
63000 14
64000 13
65000 13
66000 11
67000 12
68000 12
69000 12
70000 12
71000 14
72000 13
73000 14
74000 14
75000 14
76000 14
77000 14
78000 15
79000 15
80000 15
81000 15
82000 16
83000 16
84000 16
85000 17
86000 16
87000 16
88000 16
89000 17
90000 20
91000 17
92000 17
93000 17
94000 18
95000 18
96000 18
97000 18
98000 21
99000 20
100000 19
101000 20
102000 19
103000 19
104000 20
105000 20
106000 20
107000 21
108000 21
109000 21
110000 20
111000 21
112000 21
113000 22
114000 22
115000 22
116000 22
117000 22
118000 23
119000 23
120000 23
121000 23
122000 24
123000 24
124000 24
125000 24
126000 24
127000 24
128000 24
129000 25
130000 25
131000 25
132000 25
133000 25
134000 25
135000 25
136000 27
137000 26
138000 26
139000 26
140000 26
141000 27
142000 27
143000 27
144000 28
145000 27
146000 28
147000 28
148000 28
149000 28
150000 29
151000 28
152000 29
153000 29
154000 29
155000 30
156000 29
157000 29
158000 30
159000 30
160000 31
161000 30
162000 31
163000 32
164000 31
165000 32
166000 32
167000 32
168000 32
169000 32
170000 32
171000 32
172000 33
173000 35
174000 35
175000 33
176000 34
177000 34
178000 33
179000 34
180000 34
181000 36
182000 35
183000 35
184000 36
185000 35
186000 35
187000 36
188000 35
189000 36
190000 36
191000 36
192000 37
193000 37
194000 36
195000 37
196000 37
197000 37
198000 39
199000 38
200000 39
201000 39
202000 39
203000 39
204000 40
205000 40
206000 39
207000 40
208000 40
209000 40
210000 40
211000 42
212000 41
213000 41
214000 41
215000 41
216000 41
217000 42
218000 42
219000 42
220000 42
221000 43
222000 42
223000 42
224000 43
225000 43
226000 44
227000 44
228000 43
229000 44
230000 59
231000 45
232000 45
233000 45
234000 46
235000 46
236000 47
237000 46
238000 46
239000 47
240000 46
241000 47
242000 46
243000 46
244000 47
245000 48
246000 47
247000 47
248000 47
249000 48
250000 48
251000 48
252000 48
253000 48
254000 48
255000 49
256000 50
257000 49
258000 50
259000 49
260000 51
261000 50
262000 50
263000 50
264000 51
265000 50
266000 50
267000 51
268000 52
269000 51
270000 52
271000 51
272000 52
273000 52
274000 53
275000 53
276000 53
277000 52
278000 53
279000 53
280000 54
281000 53
282000 53
283000 54
284000 54
285000 55
286000 55
287000 56
288000 55
289000 56
290000 55
291000 55
292000 57
293000 55
294000 57
295000 57
296000 56
297000 57
298000 56
299000 57
300000 57
301000 57
302000 57
303000 58
304000 57
305000 58
306000 58
307000 58
308000 59
309000 59
310000 58
311000 60
312000 60
313000 60
314000 60
315000 61
316000 62
317000 60
318000 61
319000 62
320000 60
321000 60
322000 61
323000 62
324000 62
325000 63
326000 61
327000 63
328000 62
329000 62
330000 63
331000 64
332000 63
333000 64
334000 63
335000 63
336000 64
337000 64
338000 66
339000 65
340000 65
341000 65
342000 64
343000 66
344000 65
345000 65
346000 66
347000 66
348000 66
349000 66
350000 68
351000 66
352000 68
353000 67
354000 67
355000 68
356000 68
357000 67
358000 68
359000 68
360000 69
361000 68
362000 69
363000 68
364000 69
365000 72
366000 71
367000 71
368000 72
369000 72
370000 73
371000 74
372000 72
373000 74
374000 73
375000 73
376000 75
377000 73
378000 74
379000 76
380000 73
381000 75
382000 74
383000 74
384000 75
385000 74
386000 77
387000 76
388000 77
389000 76
390000 75
391000 76
392000 77
393000 77
394000 78
395000 80
396000 78
397000 77
398000 76
399000 76
400000 77
401000 77
402000 77
403000 81
404000 83
405000 85
406000 86
407000 77
408000 77
409000 79
410000 80
411000 78
412000 79
413000 78
414000 80
415000 81
416000 83
417000 83
418000 82
419000 84
420000 88
421000 88
422000 89
423000 89
424000 87
425000 87
426000 88
427000 94
428000 89
429000 89
430000 92
431000 89
432000 93
433000 91
434000 93
435000 94
436000 94
437000 97
438000 99
439000 101
440000 100
441000 102
442000 99
443000 102
444000 100
445000 99
446000 100
447000 100
448000 102
449000 101
450000 101
451000 105
452000 106
453000 106
454000 103
455000 106
456000 105
457000 102
458000 109
459000 103
460000 108
461000 102
462000 103
463000 105
464000 109
465000 107
466000 105
467000 105
468000 109
469000 107
470000 112
471000 109
472000 106
473000 105
474000 109
475000 107
476000 106
477000 107
478000 106
479000 108
480000 107
481000 109
482000 113
483000 112
484000 111
485000 110
486000 114
487000 111
488000 114
489000 110
490000 112
491000 111
492000 111
493000 115
494000 114
495000 111
496000 114
497000 113
498000 112
499000 112
500000 111
501000 112
502000 111
503000 112
504000 113
505000 115
506000 113
507000 116
508000 114
509000 117
510000 115
511000 117
512000 118
513000 117
514000 114
515000 119
516000 119
517000 117
518000 117
519000 120
520000 120
521000 122
522000 119
523000 121
524000 121
525000 121
526000 123
527000 117
528000 120
529000 120
530000 119
531000 123
532000 121
533000 127
534000 122
535000 120
536000 120
537000 122
538000 122
539000 124
540000 122
541000 123
542000 124
543000 125
544000 125
545000 125
546000 125
547000 127
548000 126
549000 126
550000 126
551000 127
552000 124
553000 128
554000 128
555000 130
556000 128
557000 128
558000 129
559000 126
560000 126
561000 127
562000 129
563000 126
564000 127
565000 128
566000 132
567000 130
568000 132
569000 129
570000 133
571000 129
572000 127
573000 128
574000 127
575000 125
576000 128
577000 130
578000 129
579000 129
580000 130
581000 136
582000 133
583000 132
584000 133
585000 132
586000 130
587000 136
588000 137
589000 137
590000 136
591000 131
592000 133
593000 133
594000 131
595000 132
596000 135
597000 135
598000 137
599000 136
600000 138
601000 134
602000 139
603000 136
604000 138
605000 135
606000 135
607000 138
608000 134
609000 135
610000 141
611000 136
612000 137
613000 140
614000 139
615000 142
616000 138
617000 138
618000 138
619000 140
620000 141
621000 142
622000 141
623000 140
624000 141
625000 139
626000 143
627000 139
628000 141
629000 144
630000 144
631000 143
632000 147
633000 148
634000 148
635000 148
636000 148
637000 148
638000 145
639000 149
640000 148
641000 144
642000 145
643000 143
644000 146
645000 147
646000 147
647000 151
648000 150
649000 148
650000 147
651000 145
652000 145
653000 145
654000 152
655000 149
656000 152
657000 147
658000 153
659000 152
660000 153
661000 155
662000 148
663000 152
664000 156
665000 153
666000 153
667000 147
668000 150
669000 148
670000 156
671000 153
672000 152
673000 150
674000 154
675000 150
676000 153
677000 155
678000 150
679000 157
680000 157
681000 154
682000 153
683000 159
684000 153
685000 152
686000 152
687000 153
688000 152
689000 153
690000 153
691000 156
692000 157
693000 161
694000 242
695000 211
696000 168
697000 163
698000 155
699000 161
700000 163
701000 296
702000 134
703000 134
704000 134
705000 140
706000 161
707000 136
708000 137
709000 138
710000 136
711000 137
712000 138
713000 137
714000 136
715000 136
716000 138
717000 137
718000 138
719000 138
720000 137
721000 138
722000 140
723000 138
724000 138
725000 140
726000 141
727000 142
728000 140
729000 141
730000 141
731000 140
732000 141
733000 143
734000 141
735000 141
736000 142
737000 140
738000 142
739000 140
740000 142
741000 143
742000 144
743000 143
744000 143
745000 144
746000 143
747000 145
748000 143
749000 145
750000 143
751000 144
752000 145
753000 146
754000 144
755000 145
756000 145
757000 146
758000 145
759000 147
760000 144
761000 147
762000 147
763000 147
764000 148
765000 147
766000 146
767000 146
768000 148
769000 146
770000 146
771000 147
772000 149
773000 149
774000 150
775000 148
776000 148
777000 150
778000 153
779000 151
780000 148
781000 149
782000 150
783000 150
784000 151
785000 149
786000 150
787000 150
788000 150
789000 150
790000 150
791000 150
792000 151
793000 150
794000 151
795000 151
796000 152
797000 151
798000 155
799000 155
800000 154
801000 155
802000 165
803000 156
804000 154
805000 155
806000 158
807000 155
808000 155
809000 155
810000 157
811000 155
812000 164
813000 157
814000 156
815000 156
816000 157
817000 156
818000 159
819000 158
820000 157
821000 158
822000 161
823000 160
824000 157
825000 157
826000 160
827000 161
828000 163
829000 158
830000 158
831000 158
832000 159
833000 160
834000 161
835000 160
836000 160
837000 161
838000 159
839000 160
840000 160
841000 163
842000 162
843000 163
844000 161
845000 164
846000 163
847000 162
848000 161
849000 162
850000 163
851000 188
852000 163
853000 166
854000 165
855000 164
856000 163
857000 164
858000 186
859000 164
860000 164
861000 166
862000 166
863000 164
864000 170
865000 164
866000 166
867000 165
868000 165
869000 165
870000 169
871000 168
872000 171
873000 172
874000 169
875000 170
876000 173
877000 168
878000 167
879000 169
880000 169
881000 169
882000 168
883000 168
884000 171
885000 170
886000 172
887000 171
888000 169
889000 173
890000 173
891000 173
892000 169
893000 173
894000 172
895000 174
896000 171
897000 173
898000 170
899000 174
900000 172
901000 172
902000 171
903000 172
904000 175
905000 175
906000 174
907000 175
908000 173
909000 174
910000 174
911000 175
912000 175
913000 173
914000 175
915000 176
916000 175
917000 174
918000 175
919000 174
920000 176
921000 175
922000 174
923000 177
924000 176
925000 177
926000 179
927000 177
928000 176
929000 180
930000 179
931000 178
932000 178
933000 178
934000 178
935000 179
936000 180
937000 181
938000 177
939000 180
940000 181
941000 184
942000 183
943000 183
944000 182
945000 182
946000 180
947000 182
948000 184
949000 183
950000 181
951000 185
952000 183
953000 184
954000 182
955000 183
956000 189
957000 182
958000 184
959000 183
960000 186
961000 185
962000 183
963000 184
964000 185
965000 185
966000 187
967000 187
968000 188
969000 188
970000 189
971000 186
972000 185
973000 186
974000 187
975000 187
976000 187
977000 189
978000 188
979000 188
980000 186
981000 187
982000 191
983000 192
984000 192
985000 188
986000 191
987000 190
988000 189
989000 193
990000 192
991000 191
992000 189
993000 191
994000 190
995000 194
996000 190
997000 191
998000 189
999000 189
1000000 193
